pixel at 0, 47, (115, 115, 115, 255)
pixel at 1, 47, (115, 115, 115, 255)
pixel at 2, 47, (115, 115, 115, 255)
pixel at 3, 47, (115, 115, 115, 255)
pixel at 4, 47, (115, 115, 115, 255)
pixel at 5, 47, (109, 109, 109, 255)
pixel at 6, 47, (109, 109, 109, 255)
pixel at 7, 47, (109, 109, 109, 255)
pixel at 8, 47, (109, 109, 109, 255)
pixel at 9, 47, (109, 109, 109, 255)
pixel at 10, 47, (109, 109, 109, 255)
pixel at 11, 47, (109, 109, 109, 255)
pixel at 12, 47, (97, 97, 97, 255)
pixel at 13, 47, (97, 97, 97, 255)
pixel at 14, 47, (97, 97, 97, 255)
pixel at 15, 47, (97, 97, 97, 255)
pixel at 16, 47, (97, 97, 97, 255)
pixel at 17, 47, (97, 97, 97, 255)
pixel at 18, 47, (97, 97, 97, 255)
pixel at 19, 47, (114, 114, 114, 255)
pixel at 20, 47, (114, 114, 114, 255)
pixel at 21, 47, (114, 114, 114, 255)
pixel at 22, 47, (114, 114, 114, 255)
pixel at 23, 47, (114, 114, 114, 255)
pixel at 24, 47, (114, 114, 114, 255)
pixel at 25, 47, (114, 114, 114, 255)
pixel at 26, 47, (116, 116, 116, 255)
pixel at 27, 47, (116, 116, 116, 255)
pixel at 28, 47, (116, 116, 116, 255)
pixel at 29, 47, (116, 116, 116, 255)
pixel at 30, 47, (116, 116, 116, 255)
pixel at 31, 47, (116, 116, 116, 255)
pixel at 32, 47, (116, 116, 116, 255)
pixel at 33, 47, (32, 32, 32, 255)
pixel at 34, 47, (32, 32, 32, 255)
pixel at 35, 47, (32, 32, 32, 255)
pixel at 36, 47, (32, 32, 32, 255)
pixel at 37, 47, (32, 32, 32, 255)
pixel at 38, 47, (32, 32, 32, 255)
pixel at 39, 47, (32, 32, 32, 255)
pixel at 40, 47, (103, 103, 103, 255)
pixel at 41, 47, (103, 103, 103, 255)
pixel at 42, 47, (103, 103, 103, 255)
pixel at 43, 47, (103, 103, 103, 255)
pixel at 44, 47, (103, 103, 103, 255)
pixel at 45, 47, (103, 103, 103, 255)
pixel at 46, 47, (103, 103, 103, 255)
pixel at 47, 47, (117, 117, 117, 255)
pixel at 48, 47, (117, 117, 117, 255)
pixel at 49, 47, (117, 117, 117, 255)
pixel at 50, 47, (117, 117, 117, 255)
pixel at 51, 47, (117, 117, 117, 255)
pixel at 52, 47, (117, 117, 117, 255)
pixel at 53, 47, (117, 117, 117, 255)
pixel at 54, 47, (121, 121, 121, 255)
pixel at 55, 47, (121, 121, 121, 255)
pixel at 56, 47, (121, 121, 121, 255)
pixel at 57, 47, (121, 121, 121, 255)
pixel at 58, 47, (121, 121, 121, 255)
pixel at 59, 47, (121, 121, 121, 255)
pixel at 60, 47, (121, 121, 121, 255)
pixel at 61, 47, (44, 44, 44, 255)
pixel at 62, 47, (44, 44, 44, 255)
pixel at 63, 47, (44, 44, 44, 255)
pixel at 64, 47, (44, 44, 44, 255)
pixel at 65, 47, (44, 44, 44, 255)
pixel at 66, 47, (44, 44, 44, 255)
pixel at 67, 47, (44, 44, 44, 255)
pixel at 68, 47, (32, 32, 32, 255)
pixel at 69, 47, (32, 32, 32, 255)
pixel at 70, 47, (32, 32, 32, 255)
pixel at 71, 47, (32, 32, 32, 255)
pixel at 72, 47, (32, 32, 32, 255)
pixel at 73, 47, (32, 32, 32, 255)
pixel at 74, 47, (32, 32, 32, 255)
pixel at 75, 47, (121, 121, 121, 255)
pixel at 76, 47, (121, 121, 121, 255)
pixel at 77, 47, (121, 121, 121, 255)
pixel at 78, 47, (121, 121, 121, 255)
pixel at 79, 47, (121, 121, 121, 255)
pixel at 80, 47, (121, 121, 121, 255)
pixel at 81, 47, (121, 121, 121, 255)
pixel at 82, 47, (111, 111, 111, 255)
pixel at 83, 47, (111, 111, 111, 255)
pixel at 84, 47, (111, 111, 111, 255)
pixel at 85, 47, (111, 111, 111, 255)
pixel at 86, 47, (111, 111, 111, 255)
pixel at 87, 47, (111, 111, 111, 255)
pixel at 88, 47, (111, 111, 111, 255)
pixel at 89, 47, (117, 117, 117, 255)
pixel at 90, 47, (117, 117, 117, 255)
pixel at 91, 47, (117, 117, 117, 255)
pixel at 92, 47, (117, 117, 117, 255)
pixel at 93, 47, (117, 117, 117, 255)
pixel at 94, 47, (117, 117, 117, 255)
pixel at 95, 47, (117, 117, 117, 255)
pixel at 96, 47, (32, 32, 32, 255)
pixel at 97, 47, (32, 32, 32, 255)
pixel at 98, 47, (32, 32, 32, 255)
pixel at 99, 47, (32, 32, 32, 255)
pixel at 100, 47, (32, 32, 32, 255)
pixel at 101, 47, (32, 32, 32, 255)
pixel at 102, 47, (32, 32, 32, 255)
pixel at 103, 47, (109, 109, 109, 255)
pixel at 104, 47, (109, 109, 109, 255)
pixel at 105, 47, (109, 109, 109, 255)
pixel at 106, 47, (109, 109, 109, 255)
pixel at 107, 47, (109, 109, 109, 255)
pixel at 108, 47, (109, 109, 109, 255)
pixel at 109, 47, (109, 109, 109, 255)
pixel at 110, 47, (97, 97, 97, 255)
pixel at 111, 47, (97, 97, 97, 255)
pixel at 112, 47, (97, 97, 97, 255)
pixel at 113, 47, (97, 97, 97, 255)
pixel at 114, 47, (97, 97, 97, 255)
pixel at 115, 47, (97, 97, 97, 255)
pixel at 116, 47, (97, 97, 97, 255)
pixel at 117, 47, (100, 100, 100, 255)
pixel at 118, 47, (100, 100, 100, 255)
pixel at 119, 47, (100, 100, 100, 255)
pixel at 120, 47, (100, 100, 100, 255)
pixel at 121, 47, (100, 100, 100, 255)
pixel at 122, 47, (100, 100, 100, 255)
pixel at 123, 47, (100, 100, 100, 255)
pixel at 124, 47, (101, 101, 101, 255)
pixel at 125, 47, (101, 101, 101, 255)
pixel at 126, 47, (101, 101, 101, 255)
pixel at 127, 47, (101, 101, 101, 255)
pixel at 128, 47, (101, 101, 101, 255)
pixel at 129, 47, (101, 101, 101, 255)
pixel at 130, 47, (101, 101, 101, 255)
pixel at 131, 47, (32, 32, 32, 255)
pixel at 132, 47, (32, 32, 32, 255)
pixel at 133, 47, (32, 32, 32, 255)
pixel at 134, 47, (32, 32, 32, 255)
pixel at 135, 47, (32, 32, 32, 255)
pixel at 136, 47, (32, 32, 32, 255)
pixel at 137, 47, (32, 32, 32, 255)
pixel at 138, 47, (105, 105, 105, 255)
pixel at 139, 47, (105, 105, 105, 255)
pixel at 140, 47, (105, 105, 105, 255)
pixel at 141, 47, (105, 105, 105, 255)
pixel at 142, 47, (105, 105, 105, 255)
pixel at 143, 47, (105, 105, 105, 255)
pixel at 144, 47, (105, 105, 105, 255)
pixel at 145, 47, (116, 116, 116, 255)
pixel at 146, 47, (116, 116, 116, 255)
pixel at 147, 47, (116, 116, 116, 255)
pixel at 148, 47, (116, 116, 116, 255)
pixel at 149, 47, (116, 116, 116, 255)
pixel at 150, 47, (116, 116, 116, 255)
pixel at 151, 47, (116, 116, 116, 255)
pixel at 152, 47, (46, 46, 46, 255)
pixel at 153, 47, (46, 46, 46, 255)
pixel at 154, 47, (46, 46, 46, 255)
pixel at 155, 47, (46, 46, 46, 255)
pixel at 156, 47, (46, 46, 46, 255)
pixel at 157, 47, (46, 46, 46, 255)
pixel at 158, 47, (46, 46, 46, 255)
pixel at 159, 47, (32, 32, 32, 255)
pixel at 160, 47, (32, 32, 32, 255)
pixel at 161, 47, (32, 32, 32, 255)
pixel at 162, 47, (32, 32, 32, 255)
pixel at 163, 47, (32, 32, 32, 255)
pixel at 164, 47, (32, 32, 32, 255)
pixel at 165, 47, (32, 32, 32, 255)
pixel at 166, 47, (116, 116, 116, 255)
pixel at 167, 47, (116, 116, 116, 255)
pixel at 168, 47, (116, 116, 116, 255)
pixel at 169, 47, (116, 116, 116, 255)
pixel at 170, 47, (116, 116, 116, 255)
pixel at 171, 47, (116, 116, 116, 255)
pixel at 172, 47, (116, 116, 116, 255)
pixel at 173, 47, (104, 104, 104, 255)
pixel at 174, 47, (104, 104, 104, 255)
pixel at 175, 47, (104, 104, 104, 255)
pixel at 176, 47, (104, 104, 104, 255)
pixel at 177, 47, (104, 104, 104, 255)
pixel at 178, 47, (104, 104, 104, 255)
pixel at 179, 47, (104, 104, 104, 255)
pixel at 180, 47, (101, 101, 101, 255)
pixel at 181, 47, (101, 101, 101, 255)
pixel at 182, 47, (101, 101, 101, 255)
pixel at 183, 47, (101, 101, 101, 255)
pixel at 184, 47, (101, 101, 101, 255)
pixel at 185, 47, (101, 101, 101, 255)
pixel at 186, 47, (101, 101, 101, 255)
pixel at 187, 47, (32, 32, 32, 255)
pixel at 188, 47, (32, 32, 32, 255)
pixel at 189, 47, (32, 32, 32, 255)
pixel at 190, 47, (32, 32, 32, 255)
pixel at 191, 47, (32, 32, 32, 255)
pixel at 192, 47, (32, 32, 32, 255)
pixel at 193, 47, (32, 32, 32, 255)
pixel at 194, 47, (110, 110, 110, 255)
pixel at 195, 47, (110, 110, 110, 255)
pixel at 196, 47, (110, 110, 110, 255)
pixel at 197, 47, (110, 110, 110, 255)
pixel at 198, 47, (110, 110, 110, 255)
pixel at 199, 47, (110, 110, 110, 255)
pixel at 200, 47, (110, 110, 110, 255)
pixel at 201, 47, (101, 101, 101, 255)
pixel at 202, 47, (101, 101, 101, 255)
pixel at 203, 47, (101, 101, 101, 255)
pixel at 204, 47, (101, 101, 101, 255)
pixel at 205, 47, (101, 101, 101, 255)
pixel at 206, 47, (101, 101, 101, 255)
pixel at 207, 47, (101, 101, 101, 255)
pixel at 208, 47, (120, 120, 120, 255)
pixel at 209, 47, (120, 120, 120, 255)
pixel at 210, 47, (120, 120, 120, 255)
pixel at 211, 47, (120, 120, 120, 255)
pixel at 212, 47, (120, 120, 120, 255)
pixel at 213, 47, (120, 120, 120, 255)
pixel at 214, 47, (120, 120, 120, 255)
pixel at 215, 47, (116, 116, 116, 255)
pixel at 216, 47, (116, 116, 116, 255)
pixel at 217, 47, (116, 116, 116, 255)
pixel at 218, 47, (116, 116, 116, 255)
pixel at 219, 47, (116, 116, 116, 255)
pixel at 220, 47, (116, 116, 116, 255)
pixel at 221, 47, (116, 116, 116, 255)
pixel at 222, 47, (32, 32, 32, 255)
pixel at 223, 47, (32, 32, 32, 255)
pixel at 224, 47, (32, 32, 32, 255)
pixel at 225, 47, (32, 32, 32, 255)
pixel at 226, 47, (32, 32, 32, 255)
pixel at 227, 47, (32, 32, 32, 255)
pixel at 228, 47, (32, 32, 32, 255)
pixel at 229, 47, (108, 108, 108, 255)
pixel at 230, 47, (108, 108, 108, 255)
pixel at 231, 47, (108, 108, 108, 255)
pixel at 232, 47, (108, 108, 108, 255)
pixel at 233, 47, (108, 108, 108, 255)
pixel at 234, 47, (108, 108, 108, 255)
pixel at 235, 47, (108, 108, 108, 255)
pixel at 236, 47, (101, 101, 101, 255)
pixel at 237, 47, (101, 101, 101, 255)
pixel at 238, 47, (101, 101, 101, 255)
pixel at 239, 47, (101, 101, 101, 255)
pixel at 240, 47, (101, 101, 101, 255)
pixel at 241, 47, (101, 101, 101, 255)
pixel at 242, 47, (101, 101, 101, 255)
pixel at 243, 47, (118, 118, 118, 255)
pixel at 244, 47, (118, 118, 118, 255)
pixel at 245, 47, (118, 118, 118, 255)
pixel at 246, 47, (118, 118, 118, 255)
pixel at 247, 47, (118, 118, 118, 255)
pixel at 248, 47, (118, 118, 118, 255)
pixel at 249, 47, (118, 118, 118, 255)
pixel at 250, 47, (101, 101, 101, 255)
pixel at 251, 47, (101, 101, 101, 255)
pixel at 252, 47, (101, 101, 101, 255)
pixel at 253, 47, (101, 101, 101, 255)
pixel at 254, 47, (101, 101, 101, 255)
pixel at 255, 47, (101, 101, 101, 255)
pixel at 256, 47, (101, 101, 101, 255)
pixel at 257, 47, (108, 108, 108, 255)
pixel at 258, 47, (108, 108, 108, 255)
pixel at 259, 47, (108, 108, 108, 255)
pixel at 260, 47, (108, 108, 108, 255)
pixel at 261, 47, (108, 108, 108, 255)
pixel at 262, 47, (108, 108, 108, 255)
pixel at 263, 47, (108, 108, 108, 255)
pixel at 264, 47, (32, 32, 32, 255)
pixel at 265, 47, (32, 32, 32, 255)
pixel at 266, 47, (32, 32, 32, 255)
pixel at 267, 47, (32, 32, 32, 255)
pixel at 268, 47, (32, 32, 32, 255)
pixel at 269, 47, (32, 32, 32, 255)
pixel at 270, 47, (32, 32, 32, 255)
pixel at 271, 47, (105, 105, 105, 255)
pixel at 272, 47, (105, 105, 105, 255)
pixel at 273, 47, (105, 105, 105, 255)
pixel at 274, 47, (105, 105, 105, 255)
pixel at 275, 47, (105, 105, 105, 255)
pixel at 276, 47, (105, 105, 105, 255)
pixel at 277, 47, (105, 105, 105, 255)
pixel at 278, 47, (115, 115, 115, 255)
pixel at 279, 47, (115, 115, 115, 255)
pixel at 280, 47, (115, 115, 115, 255)
pixel at 281, 47, (115, 115, 115, 255)
pixel at 282, 47, (115, 115, 115, 255)
pixel at 283, 47, (115, 115, 115, 255)
pixel at 284, 47, (115, 115, 115, 255)
pixel at 285, 47, (32, 32, 32, 255)
pixel at 286, 47, (32, 32, 32, 255)
pixel at 287, 47, (32, 32, 32, 255)
pixel at 288, 47, (32, 32, 32, 255)
pixel at 289, 47, (32, 32, 32, 255)
pixel at 290, 47, (32, 32, 32, 255)
pixel at 291, 47, (32, 32, 32, 255)
pixel at 292, 47, (91, 91, 91, 255)
pixel at 293, 47, (91, 91, 91, 255)
pixel at 294, 47, (91, 91, 91, 255)
pixel at 295, 47, (91, 91, 91, 255)
pixel at 296, 47, (91, 91, 91, 255)
pixel at 297, 47, (91, 91, 91, 255)
pixel at 298, 47, (91, 91, 91, 255)
pixel at 299, 47, (49, 49, 49, 255)
pixel at 300, 47, (49, 49, 49, 255)
pixel at 301, 47, (49, 49, 49, 255)
pixel at 302, 47, (49, 49, 49, 255)
pixel at 303, 47, (49, 49, 49, 255)
pixel at 304, 47, (49, 49, 49, 255)
pixel at 305, 47, (49, 49, 49, 255)
pixel at 306, 47, (48, 48, 48, 255)
pixel at 307, 47, (48, 48, 48, 255)
pixel at 308, 47, (48, 48, 48, 255)
pixel at 309, 47, (48, 48, 48, 255)
pixel at 310, 47, (48, 48, 48, 255)
pixel at 311, 47, (48, 48, 48, 255)
pixel at 312, 47, (48, 48, 48, 255)
pixel at 313, 47, (53, 53, 53, 255)
pixel at 314, 47, (53, 53, 53, 255)
pixel at 315, 47, (53, 53, 53, 255)
pixel at 316, 47, (53, 53, 53, 255)
pixel at 317, 47, (53, 53, 53, 255)
pixel at 318, 47, (53, 53, 53, 255)
pixel at 319, 47, (53, 53, 53, 255)
pixel at 320, 47, (44, 44, 44, 255)
pixel at 321, 47, (44, 44, 44, 255)
pixel at 322, 47, (44, 44, 44, 255)
pixel at 323, 47, (44, 44, 44, 255)
pixel at 324, 47, (44, 44, 44, 255)
pixel at 325, 47, (44, 44, 44, 255)
pixel at 326, 47, (44, 44, 44, 255)
pixel at 327, 47, (32, 32, 32, 255)
pixel at 328, 47, (32, 32, 32, 255)
pixel at 329, 47, (32, 32, 32, 255)
pixel at 330, 47, (32, 32, 32, 255)
pixel at 331, 47, (32, 32, 32, 255)
pixel at 332, 47, (32, 32, 32, 255)
pixel at 333, 47, (32, 32, 32, 255)
pixel at 334, 47, (49, 49, 49, 255)
pixel at 335, 47, (49, 49, 49, 255)
pixel at 336, 47, (49, 49, 49, 255)
pixel at 337, 47, (49, 49, 49, 255)
pixel at 338, 47, (49, 49, 49, 255)
pixel at 339, 47, (49, 49, 49, 255)
pixel at 340, 47, (49, 49, 49, 255)
pixel at 341, 47, (49, 49, 49, 255)
pixel at 342, 47, (49, 49, 49, 255)
pixel at 343, 47, (49, 49, 49, 255)
pixel at 344, 47, (49, 49, 49, 255)
pixel at 345, 47, (49, 49, 49, 255)
pixel at 346, 47, (49, 49, 49, 255)
pixel at 347, 47, (49, 49, 49, 255)
pixel at 348, 47, (48, 48, 48, 255)
pixel at 349, 47, (48, 48, 48, 255)
pixel at 350, 47, (48, 48, 48, 255)
pixel at 351, 47, (48, 48, 48, 255)
pixel at 352, 47, (48, 48, 48, 255)
pixel at 353, 47, (48, 48, 48, 255)
pixel at 354, 47, (48, 48, 48, 255)
pixel at 355, 47, (44, 44, 44, 255)
pixel at 356, 47, (44, 44, 44, 255)
pixel at 357, 47, (44, 44, 44, 255)
pixel at 358, 47, (44, 44, 44, 255)
pixel at 359, 47, (44, 44, 44, 255)
pixel at 360, 47, (44, 44, 44, 255)
pixel at 361, 47, (44, 44, 44, 255)
pixel at 362, 47, (32, 32, 32, 255)
pixel at 363, 47, (32, 32, 32, 255)
pixel at 364, 47, (32, 32, 32, 255)
pixel at 365, 47, (32, 32, 32, 255)
pixel at 366, 47, (32, 32, 32, 255)
pixel at 367, 47, (32, 32, 32, 255)
pixel at 368, 47, (32, 32, 32, 255)
pixel at 369, 47, (49, 49, 49, 255)
pixel at 370, 47, (49, 49, 49, 255)
pixel at 371, 47, (49, 49, 49, 255)
pixel at 372, 47, (49, 49, 49, 255)
pixel at 373, 47, (49, 49, 49, 255)
pixel at 374, 47, (49, 49, 49, 255)
pixel at 375, 47, (49, 49, 49, 255)
pixel at 376, 47, (49, 49, 49, 255)
pixel at 377, 47, (49, 49, 49, 255)
pixel at 378, 47, (49, 49, 49, 255)
pixel at 379, 47, (49, 49, 49, 255)
pixel at 380, 47, (49, 49, 49, 255)
pixel at 381, 47, (49, 49, 49, 255)
pixel at 382, 47, (49, 49, 49, 255)
pixel at 383, 47, (54, 54, 54, 255)
pixel at 384, 47, (54, 54, 54, 255)
pixel at 385, 47, (54, 54, 54, 255)
pixel at 386, 47, (54, 54, 54, 255)
pixel at 387, 47, (54, 54, 54, 255)
pixel at 388, 47, (54, 54, 54, 255)
pixel at 389, 47, (54, 54, 54, 255)
pixel at 390, 47, (44, 44, 44, 255)
pixel at 391, 47, (44, 44, 44, 255)
pixel at 392, 47, (44, 44, 44, 255)
pixel at 393, 47, (44, 44, 44, 255)
pixel at 394, 47, (44, 44, 44, 255)
pixel at 395, 47, (44, 44, 44, 255)
pixel at 396, 47, (44, 44, 44, 255)
pixel at 397, 47, (32, 32, 32, 255)
pixel at 398, 47, (32, 32, 32, 255)
pixel at 399, 47, (32, 32, 32, 255)
pixel at 400, 47, (32, 32, 32, 255)
pixel at 401, 47, (32, 32, 32, 255)
pixel at 402, 47, (32, 32, 32, 255)
pixel at 403, 47, (32, 32, 32, 255)
pixel at 404, 47, (49, 49, 49, 255)
pixel at 405, 47, (49, 49, 49, 255)
pixel at 406, 47, (49, 49, 49, 255)
pixel at 407, 47, (49, 49, 49, 255)
pixel at 408, 47, (49, 49, 49, 255)
pixel at 409, 47, (49, 49, 49, 255)
pixel at 410, 47, (49, 49, 49, 255)
pixel at 411, 47, (48, 48, 48, 255)
pixel at 412, 47, (48, 48, 48, 255)
pixel at 413, 47, (48, 48, 48, 255)
pixel at 414, 47, (48, 48, 48, 255)
pixel at 415, 47, (48, 48, 48, 255)
pixel at 416, 47, (48, 48, 48, 255)
pixel at 417, 47, (48, 48, 48, 255)
pixel at 418, 47, (49, 49, 49, 255)
pixel at 419, 47, (49, 49, 49, 255)
pixel at 420, 47, (49, 49, 49, 255)
pixel at 421, 47, (49, 49, 49, 255)
pixel at 422, 47, (49, 49, 49, 255)
pixel at 423, 47, (49, 49, 49, 255)
pixel at 424, 47, (49, 49, 49, 255)
pixel at 425, 47, (44, 44, 44, 255)
pixel at 426, 47, (44, 44, 44, 255)
pixel at 427, 47, (44, 44, 44, 255)
pixel at 428, 47, (44, 44, 44, 255)
pixel at 429, 47, (44, 44, 44, 255)
pixel at 430, 47, (44, 44, 44, 255)
pixel at 431, 47, (44, 44, 44, 255)
pixel at 432, 47, (32, 32, 32, 255)
pixel at 433, 47, (32, 32, 32, 255)
pixel at 434, 47, (32, 32, 32, 255)
pixel at 435, 47, (32, 32, 32, 255)
pixel at 436, 47, (32, 32, 32, 255)
pixel at 437, 47, (32, 32, 32, 255)
pixel at 438, 47, (32, 32, 32, 255)
pixel at 439, 47, (49, 49, 49, 255)
pixel at 440, 47, (49, 49, 49, 255)
pixel at 441, 47, (49, 49, 49, 255)
pixel at 442, 47, (49, 49, 49, 255)
pixel at 443, 47, (49, 49, 49, 255)
pixel at 444, 47, (49, 49, 49, 255)
pixel at 445, 47, (49, 49, 49, 255)
pixel at 446, 47, (48, 48, 48, 255)
pixel at 447, 47, (48, 48, 48, 255)
pixel at 448, 47, (48, 48, 48, 255)
pixel at 449, 47, (48, 48, 48, 255)
pixel at 450, 47, (48, 48, 48, 255)
pixel at 451, 47, (48, 48, 48, 255)
pixel at 452, 47, (48, 48, 48, 255)
pixel at 453, 47, (51, 51, 51, 255)
pixel at 454, 47, (51, 51, 51, 255)
pixel at 455, 47, (51, 51, 51, 255)
pixel at 456, 47, (51, 51, 51, 255)
pixel at 457, 47, (51, 51, 51, 255)
pixel at 458, 47, (51, 51, 51, 255)
pixel at 459, 47, (51, 51, 51, 255)
pixel at 460, 47, (44, 44, 44, 255)
pixel at 461, 47, (44, 44, 44, 255)
pixel at 462, 47, (44, 44, 44, 255)
pixel at 463, 47, (44, 44, 44, 255)
pixel at 464, 47, (44, 44, 44, 255)
pixel at 465, 47, (44, 44, 44, 255)
pixel at 466, 47, (44, 44, 44, 255)
pixel at 467, 47, (32, 32, 32, 255)
pixel at 468, 47, (32, 32, 32, 255)
pixel at 469, 47, (32, 32, 32, 255)
pixel at 470, 47, (32, 32, 32, 255)
pixel at 471, 47, (32, 32, 32, 255)
pixel at 472, 47, (32, 32, 32, 255)
pixel at 473, 47, (32, 32, 32, 255)
pixel at 474, 47, (49, 49, 49, 255)
pixel at 475, 47, (49, 49, 49, 255)
pixel at 476, 47, (49, 49, 49, 255)
pixel at 477, 47, (49, 49, 49, 255)
pixel at 478, 47, (49, 49, 49, 255)
pixel at 479, 47, (49, 49, 49, 255)
pixel at 480, 47, (49, 49, 49, 255)
pixel at 481, 47, (49, 49, 49, 255)
pixel at 482, 47, (49, 49, 49, 255)
pixel at 483, 47, (49, 49, 49, 255)
pixel at 484, 47, (49, 49, 49, 255)
pixel at 485, 47, (49, 49, 49, 255)
pixel at 486, 47, (49, 49, 49, 255)
pixel at 487, 47, (49, 49, 49, 255)
pixel at 488, 47, (52, 52, 52, 255)
pixel at 489, 47, (52, 52, 52, 255)
pixel at 490, 47, (52, 52, 52, 255)
pixel at 491, 47, (52, 52, 52, 255)
pixel at 492, 47, (52, 52, 52, 255)
pixel at 493, 47, (52, 52, 52, 255)
pixel at 494, 47, (52, 52, 52, 255)
pixel at 495, 47, (44, 44, 44, 255)
pixel at 496, 47, (44, 44, 44, 255)
pixel at 497, 47, (44, 44, 44, 255)
pixel at 498, 47, (44, 44, 44, 255)
pixel at 499, 47, (44, 44, 44, 255)
pixel at 500, 47, (44, 44, 44, 255)
pixel at 501, 47, (44, 44, 44, 255)
pixel at 502, 47, (32, 32, 32, 255)
pixel at 503, 47, (32, 32, 32, 255)
pixel at 504, 47, (32, 32, 32, 255)
pixel at 505, 47, (32, 32, 32, 255)
pixel at 506, 47, (32, 32, 32, 255)
pixel at 507, 47, (32, 32, 32, 255)
pixel at 508, 47, (32, 32, 32, 255)
pixel at 509, 47, (49, 49, 49, 255)
pixel at 510, 47, (49, 49, 49, 255)
pixel at 511, 47, (49, 49, 49, 255)
pixel at 512, 47, (49, 49, 49, 255)
pixel at 513, 47, (49, 49, 49, 255)
pixel at 514, 47, (49, 49, 49, 255)
pixel at 515, 47, (49, 49, 49, 255)
pixel at 516, 47, (48, 48, 48, 255)
pixel at 517, 47, (48, 48, 48, 255)
pixel at 518, 47, (48, 48, 48, 255)
pixel at 519, 47, (48, 48, 48, 255)
pixel at 520, 47, (48, 48, 48, 255)
pixel at 521, 47, (48, 48, 48, 255)
pixel at 522, 47, (48, 48, 48, 255)
pixel at 523, 47, (53, 53, 53, 255)
pixel at 524, 47, (53, 53, 53, 255)
pixel at 525, 47, (53, 53, 53, 255)
pixel at 526, 47, (53, 53, 53, 255)
pixel at 527, 47, (53, 53, 53, 255)
pixel at 528, 47, (53, 53, 53, 255)
pixel at 529, 47, (53, 53, 53, 255)
pixel at 530, 47, (44, 44, 44, 255)
pixel at 531, 47, (44, 44, 44, 255)
pixel at 532, 47, (44, 44, 44, 255)
pixel at 533, 47, (44, 44, 44, 255)
pixel at 534, 47, (44, 44, 44, 255)
pixel at 535, 47, (44, 44, 44, 255)
pixel at 536, 47, (44, 44, 44, 255)
pixel at 537, 47, (32, 32, 32, 255)
pixel at 538, 47, (32, 32, 32, 255)
pixel at 539, 47, (32, 32, 32, 255)
pixel at 540, 47, (32, 32, 32, 255)
pixel at 541, 47, (32, 32, 32, 255)
pixel at 542, 47, (32, 32, 32, 255)
pixel at 543, 47, (32, 32, 32, 255)
pixel at 544, 47, (49, 49, 49, 255)
pixel at 545, 47, (49, 49, 49, 255)
pixel at 546, 47, (49, 49, 49, 255)
pixel at 547, 47, (49, 49, 49, 255)
pixel at 548, 47, (49, 49, 49, 255)
pixel at 549, 47, (49, 49, 49, 255)
pixel at 550, 47, (49, 49, 49, 255)
pixel at 551, 47, (49, 49, 49, 255)
pixel at 552, 47, (49, 49, 49, 255)
pixel at 553, 47, (49, 49, 49, 255)
pixel at 554, 47, (49, 49, 49, 255)
pixel at 555, 47, (49, 49, 49, 255)
pixel at 556, 47, (49, 49, 49, 255)
pixel at 557, 47, (49, 49, 49, 255)
pixel at 558, 47, (54, 54, 54, 255)
pixel at 559, 47, (54, 54, 54, 255)
pixel at 560, 47, (54, 54, 54, 255)
pixel at 561, 47, (54, 54, 54, 255)
pixel at 562, 47, (54, 54, 54, 255)
pixel at 563, 47, (54, 54, 54, 255)
pixel at 564, 47, (54, 54, 54, 255)
pixel at 565, 47, (44, 44, 44, 255)
pixel at 566, 47, (44, 44, 44, 255)
pixel at 567, 47, (44, 44, 44, 255)
pixel at 568, 47, (44, 44, 44, 255)
pixel at 569, 47, (44, 44, 44, 255)
pixel at 570, 47, (44, 44, 44, 255)
pixel at 571, 47, (44, 44, 44, 255)
pixel at 572, 47, (32, 32, 32, 255)
pixel at 573, 47, (32, 32, 32, 255)
pixel at 574, 47, (32, 32, 32, 255)
pixel at 575, 47, (32, 32, 32, 255)
pixel at 576, 47, (32, 32, 32, 255)
pixel at 577, 47, (32, 32, 32, 255)
pixel at 578, 47, (32, 32, 32, 255)
pixel at 579, 47, (49, 49, 49, 255)
pixel at 580, 47, (49, 49, 49, 255)
pixel at 581, 47, (49, 49, 49, 255)
pixel at 582, 47, (49, 49, 49, 255)
pixel at 583, 47, (49, 49, 49, 255)
pixel at 584, 47, (49, 49, 49, 255)
pixel at 585, 47, (49, 49, 49, 255)
pixel at 586, 47, (50, 50, 50, 255)
pixel at 587, 47, (50, 50, 50, 255)
pixel at 588, 47, (50, 50, 50, 255)
pixel at 589, 47, (50, 50, 50, 255)
pixel at 590, 47, (50, 50, 50, 255)
pixel at 591, 47, (50, 50, 50, 255)
pixel at 592, 47, (50, 50, 50, 255)
pixel at 593, 47, (49, 49, 49, 255)
pixel at 594, 47, (49, 49, 49, 255)
pixel at 595, 47, (49, 49, 49, 255)
pixel at 596, 47, (49, 49, 49, 255)
pixel at 597, 47, (49, 49, 49, 255)
pixel at 598, 47, (49, 49, 49, 255)
pixel at 599, 47, (49, 49, 49, 255)
pixel at 600, 47, (93, 93, 93, 255)
pixel at 601, 47, (93, 93, 93, 255)
pixel at 602, 47, (93, 93, 93, 255)
pixel at 603, 47, (93, 93, 93, 255)
pixel at 604, 47, (93, 93, 93, 255)
pixel at 605, 47, (93, 93, 93, 255)
pixel at 606, 47, (93, 93, 93, 255)
pixel at 607, 47, (93, 93, 93, 255)
pixel at 608, 47, (114, 112, 71, 255)
pixel at 609, 47, (112, 110, 69, 255)
pixel at 610, 47, (110, 108, 67, 255)
pixel at 611, 47, (103, 100, 59, 255)
pixel at 612, 47, (98, 95, 54, 255)
pixel at 613, 47, (101, 98, 55, 255)
pixel at 614, 47, (109, 105, 60, 255)
pixel at 615, 47, (107, 100, 58, 255)
pixel at 616, 47, (101, 92, 51, 255)
pixel at 617, 47, (106, 97, 58, 255)
pixel at 618, 47, (108, 99, 60, 255)
pixel at 619, 47, (102, 94, 57, 255)
pixel at 620, 47, (99, 91, 54, 255)
pixel at 621, 47, (97, 87, 51, 255)
pixel at 622, 47, (94, 82, 44, 255)
pixel at 623, 47, (95, 83, 45, 255)
pixel at 624, 47, (98, 86, 48, 255)
pixel at 625, 47, (97, 84, 49, 255)
pixel at 626, 47, (95, 82, 47, 255)
pixel at 627, 47, (97, 83, 46, 255)
pixel at 628, 47, (99, 85, 46, 255)